29
43
2 9 14 9 19
2 10 17 21 23
2 1 11 9 24
1 17 27 294
2 10 15 12 22
2 0 14 24 26
1 12 28 248
2 4 10 16 27
2 3 8 4 21
2 13 13 20 25
2 2 21 4 27
2 4 4 5 26
2 2 15 14 22
1 8 24 402
1 14 17 68
1 10 16 435
2 0 11 7 18
1 14 2 154
1 7 28 164
2 1 10 16 23
1 14 24 68
1 4 19 436
2 4 20 5 23
2 4 14 21 23
1 20 7 262
1 6 20 36
2 4 21 9 23
1 19 25 100
1 21 18 296
2 6 15 15 17
1 9 19 1
2 8 13 16 18
2 4 11 5 20
1 19 9 3
1 20 2 165
1 24 3 340
1 10 18 162
1 1 12 389
2 8 18 10 23
1 28 26 143
2 2 11 5 15
1 8 3 150
1 12 0 221
